0 0.5145 0.4875 0.009 0.015
0 0.7965 0.488333 0.013 0.016667
0 0.033 0.515833 0.026 0.028333
0 0.021 0.803333 0.042 0.153333
0 0.2875 0.550833 0.031 0.045
0 0.6235 0.514167 0.019 0.028333
0 0.6825 0.485 0.011 0.013333
1 0.5015 0.4725 0.021 0.055
0 0.3395 0.498333 0.015 0.02
0 0.492 0.478333 0.006 0.01
1 0.4685 0.535833 0.073 0.191667
1 0.204 0.483333 0.036 0.076667
1 0.3875 0.474167 0.021 0.058333
1 0.83 0.479167 0.03 0.068333
1 0.602 0.465 0.012 0.036667
2 0.6125 0.469167 0.019 0.045
2 0.2065 0.499167 0.047 0.111667
2 0.71 0.481667 0.03 0.073333
3 0.4595 0.466667 0.013 0.04
3 0.0095 0.505833 0.019 0.035
3 0.4095 0.500833 0.041 0.108333