0 0.514 0.5025 0.01 0.015
0 0.7965 0.503333 0.013 0.016667
0 0.032 0.519167 0.026 0.028333
0 0.017 0.694167 0.034 0.141667
0 0.2865 0.54 0.031 0.043333
0 0.6235 0.518333 0.019 0.026667
0 0.6825 0.5 0.011 0.013333
1 0.4985 0.49 0.027 0.076667
0 0.3395 0.508333 0.015 0.02
0 0.4905 0.4975 0.003 0.011667
1 0.4685 0.506667 0.073 0.19
1 0.2035 0.486667 0.035 0.07
1 0.387 0.4875 0.02 0.058333
1 0.83 0.488333 0.03 0.066667
1 0.602 0.483333 0.012 0.036667
2 0.6125 0.485 0.019 0.046667
2 0.2055 0.495 0.047 0.11
2 0.7105 0.489167 0.029 0.071667
3 0.46 0.475833 0.006 0.021667
3 0.009 0.510833 0.018 0.035
3 0.4095 0.495833 0.041 0.108333