0 0.514 0.4825 0.01 0.015
0 0.7965 0.483333 0.013 0.016667
0 0.0335 0.515833 0.027 0.028333
0 0.023 0.838333 0.046 0.16
0 0.2875 0.554167 0.031 0.045
0 0.6235 0.5125 0.019 0.028333
0 0.6825 0.479167 0.011 0.015
1 0.501 0.493333 0.034 0.1
0 0.3395 0.495 0.015 0.02
0 0.4915 0.4725 0.005 0.011667
1 0.469 0.545833 0.072 0.191667
1 0.2045 0.481667 0.035 0.076667
1 0.3875 0.470833 0.021 0.058333
1 0.8295 0.475833 0.031 0.068333
1 0.602 0.458333 0.012 0.036667
2 0.6125 0.463333 0.019 0.046667
2 0.207 0.500833 0.046 0.111667
2 0.71 0.478333 0.03 0.073333
3 0.461 0.461667 0.016 0.04
3 0.0095 0.504167 0.019 0.035
3 0.4095 0.501667 0.041 0.11