0 0.711 0.478333 0.014 0.02
0 0.316 0.47 0.006 0.016667
0 0.306 0.5175 0.022 0.031667
0 0.667 0.535 0.024 0.036667
0 0.637 0.49 0.016 0.023333
0 0.505 0.474167 0.012 0.018333
0 0.741 0.4625 0.012 0.015
1 0.2485 0.531667 0.065 0.146667
1 0.403 0.455 0.02 0.056667
1 0.5585 0.455 0.023 0.056667
1 0.932 0.454167 0.03 0.055
2 0.88 0.465 0.032 0.066667
2 0.3275 0.471667 0.029 0.076667
2 0.8835 0.508333 0.055 0.12
3 0.6945 0.448333 0.021 0.046667
3 0.326 0.446667 0.02 0.043333
3 0.409 0.49 0.038 0.093333