0 0.712 0.4975 0.014 0.018333
0 0.315 0.4925 0.004 0.015
0 0.3045 0.519167 0.021 0.031667
0 0.6685 0.529167 0.025 0.035
0 0.678 0.498333 0.014 0.02
0 0.505 0.495833 0.012 0.018333
0 0.7415 0.489167 0.011 0.015
1 0.2455 0.5075 0.065 0.145
1 0.402 0.476667 0.018 0.056667
1 0.5585 0.476667 0.023 0.056667
1 0.9325 0.475833 0.029 0.055
2 0.8805 0.478333 0.029 0.063333
2 0.3265 0.483333 0.029 0.076667
2 0.8865 0.4975 0.057 0.118333
3 0.6945 0.474167 0.021 0.045
3 0.3265 0.475 0.019 0.026667
3 0.4085 0.490833 0.039 0.091667