0 0.7105 0.46 0.013 0.02
0 0.3185 0.4475 0.011 0.018333
0 0.3075 0.515833 0.021 0.031667
0 0.665 0.54 0.024 0.036667
0 0.68 0.461667 0.014 0.02
0 0.505 0.454167 0.012 0.018333
0 0.7405 0.4375 0.011 0.015
1 0.2535 0.554167 0.063 0.148333
1 0.403 0.434167 0.02 0.058333
1 0.558 0.433333 0.022 0.056667
1 0.931 0.433333 0.03 0.056667
2 0.878 0.451667 0.032 0.07
2 0.3285 0.461667 0.029 0.076667
2 0.878 0.518333 0.052 0.12
3 0.694 0.421667 0.02 0.046667
3 0.326 0.420833 0.02 0.045
3 0.41 0.488333 0.038 0.093333