0 0.3215 0.445833 0.013 0.018333
0 0.5355 0.415833 0.009 0.011667
0 0.467 0.625833 0.034 0.055
0 0.536 0.475 0.016 0.023333
0 0.4545 0.42 0.009 0.013333
3 0.4985 0.4875 0.035 0.098333
0 0.1615 0.510833 0.025 0.031667
0 0.2405 0.430833 0.011 0.015
1 0.7305 0.56 0.059 0.156667
1 0.0015 0.595833 0.003 0.041667
1 0.198 0.461667 0.036 0.083333
1 0.5905 0.415 0.019 0.05
1 0.3495 0.4 0.015 0.04
2 0.398 0.411667 0.018 0.046667
2 0.246 0.599167 0.072 0.185
2 0.546 0.43 0.022 0.06
3 0.209 0.423333 0.022 0.053333
3 0.4765 0.52 0.043 0.123333