0 0.321 0.454167 0.012 0.018333
0 0.5355 0.4275 0.009 0.011667
0 0.4665 0.614167 0.035 0.055
0 0.536 0.48 0.016 0.023333
0 0.4545 0.431667 0.009 0.013333
3 0.421 0.4675 0.03 0.081667
0 0.1595 0.511667 0.025 0.03
0 0.2405 0.440833 0.011 0.015
1 0.733 0.55 0.06 0.156667
1 0.197 0.465 0.036 0.083333
1 0.5905 0.425 0.019 0.05
1 0.3495 0.4125 0.015 0.038333
2 0.398 0.421667 0.018 0.046667
2 0.2425 0.584167 0.073 0.185
2 0.546 0.4375 0.022 0.058333
3 0.2095 0.431667 0.021 0.053333
3 0.476 0.515 0.044 0.123333